Profile 1             
x       y           
[m]     [m]         
0  1.7208377e-07            
1.5632628e-07  1.7250745e-07            
3.1265255e-07  1.7170633e-07            
4.6897883e-07  1.7130179e-07            
6.253051e-07  1.713212e-07            
7.8163138e-07  1.7157514e-07            
9.3795765e-07  1.7162852e-07            
1.0942839e-06  1.7202595e-07            
1.2506102e-06  1.7293729e-07            
1.4069365e-06  1.7554065e-07            
1.5632628e-06  1.7615592e-07            
1.719589e-06  1.7416545e-07            
1.8759153e-06  1.722716e-07            
2.0322416e-06  1.7251841e-07            
2.1885679e-06  1.7248227e-07            
2.3448941e-06  1.7265013e-07            
2.5012204e-06  1.7286606e-07            
2.6575467e-06  1.7397725e-07            
2.813873e-06  1.7625646e-07            
2.9701992e-06  1.7597499e-07            
3.1265255e-06  1.755859e-07            
3.2828518e-06  1.7522515e-07            
3.4391781e-06  1.754528e-07            
3.5955043e-06  1.7678153e-07            
3.7518306e-06  1.7695633e-07            
3.9081569e-06  1.7671841e-07            
4.0644832e-06  1.7855317e-07            
4.2208094e-06  1.795388e-07            
4.3771357e-06  1.7177193e-07            
4.533462e-06  1.6103857e-07            
4.6897883e-06  1.5479745e-07            
4.8461145e-06  1.5020547e-07            
5.0024408e-06  1.4912853e-07            
5.1587671e-06  1.4965378e-07            
5.3150934e-06  1.4957875e-07            
5.4714196e-06  1.4977248e-07            
5.6277459e-06  1.4810849e-07            
5.7840722e-06  1.4710135e-07            
5.9403985e-06  1.4738897e-07            
6.0967247e-06  1.4862896e-07            
6.253051e-06  1.4931528e-07            
6.4093773e-06  1.4860518e-07            
6.5657036e-06  1.4818848e-07            
6.7220298e-06  1.4877237e-07            
6.8783561e-06  1.4924742e-07            
7.0346824e-06  1.4837294e-07            
7.1910087e-06  1.4888015e-07            
7.3473349e-06  1.5033102e-07            
7.5036612e-06  1.498919e-07            
7.6599875e-06  1.4891449e-07            
7.8163138e-06  1.4851858e-07            
7.97264e-06  1.4853684e-07            
8.1289663e-06  1.4839188e-07            
8.2852926e-06  1.4805467e-07            
8.4416189e-06  1.4816313e-07            
8.5979451e-06  1.4826891e-07            
8.7542714e-06  1.4893222e-07            
8.9105977e-06  1.4980866e-07            
9.066924e-06  1.5027197e-07            
9.2232502e-06  1.5071527e-07            
9.3795765e-06  1.5073484e-07            
9.5359028e-06  1.5068447e-07            
9.6922291e-06  1.5048822e-07            
9.8485553e-06  1.5252675e-07            
1.0004882e-05  1.5685313e-07            
1.0161208e-05  1.5460056e-07            
1.0317534e-05  1.5301984e-07            
1.047386e-05  1.5452855e-07            
1.0630187e-05  1.5449796e-07            
1.0786513e-05  1.4698142e-07            
1.0942839e-05  1.2442629e-07            
1.1099166e-05  9.850909e-08            
1.1255492e-05  7.7318772e-08            
1.1411818e-05  6.7834998e-08            
1.1568144e-05  6.7286467e-08            
1.1724471e-05  6.6853774e-08            
1.1880797e-05  6.4345184e-08            
1.2037123e-05  6.5271095e-08            
1.2193449e-05  6.7797325e-08            
1.2349776e-05  6.7712026e-08            
1.2506102e-05  6.4015648e-08            
1.2662428e-05  6.3980767e-08            
1.2818755e-05  6.4053901e-08            
1.2975081e-05  6.4147312e-08            
1.3131407e-05  6.4261223e-08            
1.3287733e-05  6.4490281e-08            
1.344406e-05  6.4889971e-08            
1.3600386e-05  6.4375219e-08            
1.3756712e-05  6.4380704e-08            
1.3913039e-05  6.4960931e-08            
1.4069365e-05  6.4891778e-08            
1.4225691e-05  6.5515616e-08            
1.4382017e-05  6.5748842e-08            
1.4538344e-05  6.6061192e-08            
1.469467e-05  6.647314e-08            
1.4850996e-05  6.5992079e-08            
1.5007322e-05  6.6336387e-08            
1.5163649e-05  6.6084495e-08            
1.5319975e-05  6.6401904e-08            
1.5476301e-05  6.7213786e-08            
1.5632628e-05  6.8642783e-08            
1.5788954e-05  6.9671581e-08            
1.594528e-05  6.8874198e-08            
1.6101606e-05  7.0153668e-08            
1.6257933e-05  6.9588169e-08            
1.6414259e-05  6.9426061e-08            
1.6570585e-05  6.9131479e-08            
1.6726911e-05  6.967005e-08            
1.6883238e-05  7.0460684e-08            
1.7039564e-05  6.9859093e-08            
1.719589e-05  7.0366893e-08            
1.7352217e-05  7.0354432e-08            
1.7508543e-05  7.1023197e-08            
1.7664869e-05  7.2292379e-08            
1.7821195e-05  7.5511342e-08            
1.7977522e-05  5.4370872e-08            
1.8133848e-05  4.5169133e-08            
1.8290174e-05  4.5201063e-08            
1.84465e-05  4.5767062e-08            
1.8602827e-05  4.5859039e-08            
1.8759153e-05  4.5765429e-08            
1.8915479e-05  4.5768516e-08            
1.9071806e-05  4.6078956e-08            
1.9228132e-05  4.6286054e-08            
1.9384458e-05  4.7236044e-08            
1.9540784e-05  4.657641e-08            
1.9697111e-05  4.5703479e-08            
1.9853437e-05  4.6260349e-08            
2.0009763e-05  4.6137341e-08            
