Profile 1             
x       y           
[m]     [m]         
0  1.4094826e-07            
7.7748234e-07  1.5139778e-07            
1.5549647e-06  1.428836e-07            
2.332447e-06  1.3877203e-07            
3.1099294e-06  1.5068702e-07            
3.8874117e-06  2.0508216e-07            
4.664894e-06  2.3339388e-07            
5.4423764e-06  2.3628868e-07            
6.2198587e-06  2.36215e-07            
6.997341e-06  2.3631623e-07            
7.7748234e-06  2.356045e-07            
8.5523057e-06  2.5218429e-07            
9.3297881e-06  2.8488315e-07            
1.010727e-05  2.9891889e-07            
1.0884753e-05  3.0032458e-07            
1.1662235e-05  3.0126981e-07            
1.2439717e-05  2.9888506e-07            
