Profile 2             
x       y           
[m]     [m]         
0  3.5221823e-07            
1.5641059e-07  3.5377571e-07            
3.1282119e-07  3.5382165e-07            
4.6923178e-07  3.5442335e-07            
6.2564238e-07  3.5372236e-07            
7.8205297e-07  3.5311447e-07            
9.3846356e-07  3.5408052e-07            
1.0948742e-06  3.5346459e-07            
1.2512848e-06  3.5496267e-07            
1.4076953e-06  3.5682269e-07            
1.5641059e-06  3.5672748e-07            
1.7205165e-06  3.5519335e-07            
1.8769271e-06  3.5663551e-07            
2.0333377e-06  3.6040121e-07            
2.1897483e-06  3.6641139e-07            
2.3461589e-06  3.7375433e-07            
2.5025695e-06  3.7941165e-07            
2.6589801e-06  3.8353448e-07            
2.8153907e-06  3.9254617e-07            
2.9718013e-06  4.0153932e-07            
3.1282119e-06  4.1044146e-07            
3.2846225e-06  4.1745554e-07            
3.4410331e-06  4.259259e-07            
3.5974437e-06  4.3531672e-07            
3.7538543e-06  4.4364772e-07            
3.9102648e-06  4.5162935e-07            
4.0666754e-06  4.5953039e-07            
4.223086e-06  4.6885246e-07            
4.3794966e-06  4.7400353e-07            
4.5359072e-06  4.8200736e-07            
4.6923178e-06  4.8860708e-07            
4.8487284e-06  4.9242794e-07            
5.005139e-06  4.9680743e-07            
5.1615496e-06  5.0107094e-07            
5.3179602e-06  5.0125883e-07            
5.4743708e-06  5.0159578e-07            
5.6307814e-06  5.025035e-07            
5.787192e-06  5.0166341e-07            
5.9436026e-06  5.002128e-07            
6.1000132e-06  4.9996047e-07            
6.2564238e-06  5.0115084e-07            
6.4128344e-06  4.9939737e-07            
6.5692449e-06  4.9955126e-07            
6.7256555e-06  4.9918624e-07            
6.8820661e-06  4.9927884e-07            
7.0384767e-06  4.9889495e-07            
7.1948873e-06  4.9924171e-07            
7.3512979e-06  4.989846e-07            
7.5077085e-06  4.9943526e-07            
7.6641191e-06  5.005308e-07            
7.8205297e-06  5.0019878e-07            
7.9769403e-06  5.0085304e-07            
8.1333509e-06  5.0172872e-07            
8.2897615e-06  5.0166971e-07            
8.4461721e-06  5.0172151e-07            
8.6025827e-06  5.0258465e-07            
