Profile 1             
x       y           
[m]     [m]         
0  5.0293611e-07            
1.5681348e-07  5.0252669e-07            
3.1362697e-07  5.0197871e-07            
4.7044045e-07  5.0236894e-07            
6.2725394e-07  5.0207633e-07            
7.8406742e-07  5.022678e-07            
9.4088091e-07  5.0204779e-07            
1.0976944e-06  5.027276e-07            
1.2545079e-06  5.0197095e-07            
1.4113214e-06  5.009392e-07            
1.5681348e-06  5.0064159e-07            
1.7249483e-06  4.9960765e-07            
1.8817618e-06  5.0024912e-07            
2.0385753e-06  5.0080736e-07            
2.1953888e-06  5.0138402e-07            
2.3522023e-06  5.019433e-07            
2.5090158e-06  5.0381179e-07            
2.6658292e-06  5.0732064e-07            
2.8226427e-06  5.1220617e-07            
2.9794562e-06  5.1545106e-07            
3.1362697e-06  5.2080915e-07            
3.2930832e-06  5.2364741e-07            
3.4498967e-06  5.2687797e-07            
3.6067101e-06  5.2811273e-07            
3.7635236e-06  5.2865562e-07            
3.9203371e-06  5.2854765e-07            
4.0771506e-06  5.2836106e-07            
4.2339641e-06  5.2681334e-07            
4.3907776e-06  5.2759085e-07            
4.5475911e-06  5.2633231e-07            
4.7044045e-06  5.2387935e-07            
4.861218e-06  5.2299224e-07            
5.0180315e-06  5.2268826e-07            
